43.30475160940221
42.71236514506166
42.89111042984427
37.37994936560962
40.596572636902955
40.71025738910354
48.89894066825185
44.073631167607836
39.88351987732311
35.366227748830774
39.357264442296945
46.51875354198466
39.16096229385561
41.414614210295476
44.05030133412693
38.54274500296486
44.418099052831124
44.757137496890934
44.78140383929024
45.08151091123302
41.33769782228504
38.966871312748
41.10660646955517
43.017073216459416
47.185494282193176
42.11671080460582
43.473080751849466
43.19627299687127
41.965005045610184
46.25258576161273
43.678478101911416
43.94550885976028
43.56827126335009
41.76962607333976
38.0253827101797
42.867157110193254
47.09407721038609
39.56551761276277
45.737325870399985
40.57815222333651
43.46029441245463
38.24083682684231
39.46708793004947
41.374828314703805
38.99571723539724
41.79421934418248
36.56507468717638
40.78816440252173
38.5331687926299
40.95727687827521
41.49527452168705
39.88674449308023
39.93386624313429
35.22796659859342
43.27039252834274
41.103028430152946
39.79771197512118
36.282332158756034
39.54449162555475
38.66382830442036
41.71868917538262
42.335152575067774
41.152493202449854
33.745632798639384
49.52093808663063
43.972361241543005
39.49677330293047
41.71894709397184
40.59284400459733
38.890409653326344
37.565021284490705
39.44525329293623
39.866654947180486
47.379411776989734
45.17315202338082
42.60683630526901
36.90687194781626
44.865094342459386
45.589350493496056
43.74114432946601
41.43750939509444
41.21173995154607
37.1338595355979
40.220477343688444
43.00547237222282
41.679394664958416
40.41199812176817
40.523827744526635
37.09355050148612
38.647287099925386
42.743176527680454
44.26160609525707
44.01297663977499
41.590883243157656
48.56117036304752
41.361793556571655
44.96711092554261
41.672574519326595
44.39952322709048
47.74837474609847
47.5588725050376
45.92680922804781
43.80231429511074
41.85582965876049
35.31663414865109
41.81818724778902
41.50792532585608
41.631943403106106
46.92156891571236
40.83586553349358
42.019968530513054
35.61132315221309
46.922372747092815
45.24976409322943
40.73144782654505
43.82206060055476
43.565472250084476
43.18078294153553
41.28549024966046
36.580683926248774
44.35348940382911
38.795609421283196
48.19521708438546
41.45531913291083
40.34340781145772
42.578939620835335
36.89119248122589
40.65291127997652
41.60885527841134
45.30251402449706
48.309265744126996
41.16220350203603
41.28988457315757
40.275365120080814
42.84637855819698
38.674818680840545
42.6412894406317
41.80290719560317
40.01269176816396
40.919882591953794
37.715741888300066
35.148604357418456
45.10865815457753
37.832705895571614
45.56251860769202
45.15956377775611
45.887039676185964
39.748013270700994
44.13744792508788
42.86367759706636
44.20214345588823
40.27109286930738
34.651759577868404
44.239190653292724
38.4119674489055
38.300208089925974
45.943138706177116
44.83596469112009
40.098097384201736
41.17611989806028
40.69763984767914
44.31149591113442
46.22316147462751
45.749189726623555
41.39406042399201
46.70507666766051
42.027369263981086
43.40390448213313
46.116314947781646
41.90824724204731
35.694420189820775
44.090875015227105
42.35305230541282
40.71122932432677
46.65040733785671
44.51957979597319
48.78286498008919
42.4622397844057
42.204337217653496
40.420784958854505
41.829703177634265
46.18082693756957
42.75410955841885
41.499874687069216
40.61609455252457
44.069952056316296
36.347060103268994
46.784056723958535
36.12540168031854
41.751872123633056
46.31216670960151
41.75283885288646
43.122401054065186
41.40287426706906
41.049910389238995
48.79083983479006
40.759741993950094
45.352761981540624
40.89052278664909
38.39914600656583
44.935768790576546
45.010170132476276
44.46412971136173
43.10279717935236
38.76740739356521
43.932251378939554
45.56374730777454
44.23662284009875
46.65515946034058
38.54337126533717
38.24181149022783
42.09857911671032
38.294648990386946
40.66023714617672
40.57629394344363
43.706069566444214
38.13836945910079
43.73658595548747
46.66399792316298
46.56456321077062
43.03092961601175
43.10212670929855
41.92553957896759
39.87361714280767
42.71830652061237
45.95965294763252
37.523194588107515
43.14976059311582
33.32156073775516
42.065209417489164
42.61031527693874
40.34454414535356
37.903567844420365
41.18663132891855
40.90034113803995
40.67307107228368
43.1437315831015
45.27280228902294
40.80362311839186
43.73964753085994
43.478909402133986
50.622863026858845
41.088399462692685
40.753418717114556
37.835678222648504
40.72819047766722
36.61341007208334
42.74003083535601
44.40421912990481
41.42404651047475
46.98570959654704
42.597026270676864
39.998083773785865
45.51252323735861
41.816034590493494
43.27361746205911
42.16268605021367
42.74299018171949
39.62415393574556
42.413997897493616
45.015472706089916
45.260492553268335
43.33168410331897
41.47365971317859
41.94087280534917
39.347639904906515
44.20868337750389
45.44633726558788
39.96610612468123
42.83407132365958
40.19743181412393
46.17025231509498
41.76519847796868
42.653854083110375
37.290572128221974
41.37447682798724
44.45868771264919
38.937814332164024
44.65045882515337
39.90053782468511
44.830384501169654
41.331139935886135
41.67136763690808
44.137317060864284
37.44469814375671
43.61202509501017
41.35005648931255
43.61537518120121
42.36776154489557
38.1893852265751
39.79847548582962
40.15895516061573
41.02321361269432
33.42817906964996
43.374907298424
41.51074916686175
38.52294954791387
43.291805314716676
34.92649570642657
39.60459346112994
41.36728764242806
40.39676425312839
43.93306253601429
42.37083046196483
48.823006425144264
43.11319564213087
41.336295797319345
46.920075491922915
39.74056046645347
41.66096679643681
40.4867591699039
42.24641173656684
36.34328168331484
37.86977404579452
45.816968552794336
36.60446374986
41.34977957228604
45.678172501031156
39.95176457309603
43.25556287927012
46.90123018542919
43.6256274783873
39.867659437028784
41.472738438348344
39.72941806108518
38.376208942941176
39.890852633396406
45.19773164258231
42.33217743626409
41.30966293719989
44.77396639239354
45.97179177452204
45.041309657551224
44.682640519917875
37.87632090234094
39.656520259419615
36.33848044170903
35.47545844786603
40.59510692200347
38.9607932078693
44.490023978764775
42.18797181374292
41.43988952339905
38.1317259309164
42.71571531730247
37.31398361391405
38.13836411030552
49.62188000811439
39.99139179734517
39.278629218427426
39.270211499002315
44.092080682447445
39.30463738787991
37.329715208424595
39.101624028234156
44.96066985773549
49.28745728524326
39.711683760111335
38.65022138763461
40.93523968784294
41.93505317648946
41.471564182632804
42.76946482762105
41.21453613960739
39.73108382196865
48.045756053322776
40.69359069871358
40.1360102334976
41.201771552721986
47.41060635702363
40.56643861634914
41.98455162179321
40.14247621533375
43.82106237206602
44.39122899457515
39.272437678608135
42.459996440438175
42.903138752803784
39.24269141133423
40.66810663079973
44.96703427688866
41.522534090058336
46.92110569845508
42.742021611591795
46.980771405996244
38.446856627320514
44.697918209192025
42.59719460933609
39.408511396119906
44.99517126109808
38.166293902455834
45.78556049321246
48.41912798157496
45.67836282463667
40.880415198242936
39.848909548132646
37.93097013993575
43.086364327616394
43.38443410765465
39.96043516462764
41.600564159525284
43.17607554804306
46.916528566581356
36.2878955875095
43.23522807223707
42.38715869307061
43.669298714871026
36.79635849246537
39.84809394979331
39.86056439372869
44.00800139314044
44.27491106075031
43.058016009623955
43.454623575717406
37.5731191423793
44.576625966769406
46.05798009541418
44.70593661496099
45.789660012070364
44.32283531257772
47.70259146743228
42.18904024558148
42.186242454179585
45.26396531738425
41.10998311859989
35.589477214384075
41.005654983228204
42.71323270602944
41.2767570432004
45.4803170789532
38.09297925965358
39.792436493443496
36.55162696007836
41.237899341411264
41.48926018064764
39.12254549099866
42.34642676417266
39.369830393175846
41.324484826851766
41.07937896802511
45.87209532457574
46.56847112295947
35.00261345453725
41.25847598160789
45.47880217948712
41.043581516451255
42.813150496889826
40.600756456124806
41.13281462311272
39.25117491371867
38.971033272772466
43.55763142752444
40.13728114103257
41.743032284012976
43.02000814537971
43.09390546999803
43.65982647552217
42.199637438462986
39.24104381873046
43.78184062044104
43.2284629358237
42.20450089552961
45.45070722130008
41.83182777532146
42.157765883929244
40.996875833865325
37.100212894214245
41.53175139814568
40.834082324750895
43.319424363305465
42.26017380848917
36.32291927880317
43.18267985344401
41.678266144993145
43.293655250376915
42.43054145899261
38.14197636701192
41.80213757536729
40.80481505077445
36.97075301792544
42.03673041265974
41.39766967638616
46.93729002682973
40.16764570551568
39.563469581841915
41.487145600227926
46.976912461534816
42.891532672310575
42.24267033007352
44.056301205568
43.18508013850263
42.06455794488462
44.20102095741727
40.97528224630956
43.275257355843024
44.20175404159998
41.54933425156143
42.44833036808913
39.51210096274172
41.371019306962985
45.68071549074619
40.39664545979344
40.90106892197393
42.49879265411147
47.339447446107066
39.84418147911068
36.43567894011222
43.747866781266055
39.69986995982532
36.48908890179929
42.61131557208386
33.869365575375056
38.06316035089565
35.20759104727179
34.34421964002835
40.1155028005447
43.006579126320695
46.157612135050364
40.66146572244019
42.66664925763508
41.79652038812165
42.63238635342065
41.965343910826185
40.73767180632424
41.904909067499
41.3894237070373
38.68205171431315
39.88360705087993
40.172429214922474
39.186066437824394
36.468636670832076
34.43650586177137
42.37582250005231
37.43666201495798
43.136400298080765
40.90308258099301
40.6386763753033
42.692794461734394
38.59007259068531
38.63882712630673
44.21292439911857
35.789091810197014
45.68253297626878
37.377341652582636
42.64075004488915
43.931820492444025
47.42866923972568
44.750333506147854
41.62967743507928
43.14973770012615
38.92053806357085
40.259353144564336
44.221656703789144
39.182018265198195
41.42027894465608
37.9894241853573
40.38421136361609
41.338985781193145
40.938445489121236
42.007718186330315
41.04261967733738
41.56110233956485
44.530946965324375
46.12121641951601
37.858780545455296
44.47874780232265
35.15598482802004
41.59749614482295
38.283721080811745
47.28827399765853
41.6895627973578
40.63239361439549
41.683660161067294
42.60685617573712
38.09624013777727
43.74446840964738
41.75613005464947
43.15660089248913
38.05920269283358
36.149246823829415
40.98487914129302
43.42408396647991
45.88764978652213
38.363948260312746
43.786997454590825
36.61305278601729
48.421555779273646
39.53142978936085
37.84031089771517
43.509535654185456
42.93215627870552
42.03676609455975
42.874238430811715
45.475265096418944
39.56966260323837
40.28568846070088
42.9392532855535
39.94842785691188
41.668050663471035
44.409112624520354
48.09298000294958
43.581049577119025
48.76397272526903
44.781264551455905
39.87786258905486
46.84836462621002
43.01107696844135
39.45287615219931
37.04163333113217
40.96741151169627
36.79111552589152
44.96271554322038
41.87520732785026
38.07942533479139
42.84785862464955
39.102324447826135
42.49325789408289
42.50877703799253
42.013030876401494
41.588913418104774
46.510786876793595
44.247185018088345
40.33258163688179
41.91598213604275
43.318464901535485
42.676491364290555
45.24221611303219
38.24070909028569
44.1763121862782
40.6119785373588
37.3962071983332
50.527033268447326
40.927472698430314
45.0550754537696
38.19838480286755
48.370157070156104
46.82508954668504
39.09556608241007
36.73629149706245
40.50665645564106
42.12588539764579
41.370551023001184
40.3638341004664
44.99854021508947
43.6868348036774
44.02430435150484
44.60071067952792
45.84295763456248
38.46045398805374
48.66804832398464
41.19807716282809
47.07171901048273
42.06811033051642
39.45390342727862
45.39890378767762
40.704390259283755
41.869445481914646
48.489986751248274
40.508994786572494
41.860129796101766
44.22928325603242
39.5080782116619
40.320094295236856
43.09390014488991
38.21899059809314
47.57449876218892
45.95187419190227
44.63749694445245
40.94632241808673
42.15788526286583
39.34295194894999
36.500560061099094
42.091420805889626
37.65466965661212
38.60499169867902
43.83161402493435
39.05414928159828
40.68984879776502
41.80426519019755
39.1534098667659
41.012820212875475
38.81806231444983
43.69765229266665
36.16014766446901
46.06124154827444
43.69799426212607
40.001454839676654
39.846259139908746
41.02218450466346
43.30299477518704
41.83766217859763
43.52875201745952
42.53262426711217
41.07572667962768
37.957545863699764
40.51187812641062
35.933759989197945
41.152305786567226
38.13628886396329
41.995509377050276
42.216019251211556
45.42083900049954
40.51120727153677
40.32939496824897
38.46810431218602
39.525127980585594
39.91070044400645
40.19773675467836
46.83173626464955
43.11336907823412
46.91676466391927
34.33490106489987
36.41089338148579
44.439740531275675
39.83678729462263
42.860614167967874
39.94204306402505
39.54221171372018
41.10811346732568
40.68344503932236
41.578457986614985
41.91800619958601
43.13974122339832
43.43285041137017
42.66074768458279
42.69425506456784
39.286450490566025
45.58116635602781
43.60748154441356
39.819681489444015
40.46638570753409
42.58557662509342
45.33038928719673
42.45815759874782
43.43814174385634
45.76314818650876
39.252119307113354
44.55261904646518
41.65013371239458
40.57348137348405
41.74969917064852
45.174748439769374
38.723676916791035
43.99985867694031
46.897204611511675
46.092509426999214
42.055262878921766
44.91615734466212
40.37647022532954
38.55782688737635
44.74699244381699
44.00650741069912
40.715996212449596
47.3736023624405
43.018459154427966
40.30310773068347
38.124886034440095
46.5463707464699
42.193622363401865
39.96504666495619
42.692572107165276
38.25874270076271
43.83932195997052
34.16913272489905
42.52618046903715
44.72019413478864
40.88486565149776
38.29272482874272
43.266171881260526
42.73671438107256
39.853175309154146
40.871199881307575
38.701003801557455
40.3253135500529
46.12763264477438
39.43318578044219
44.00264799345317
40.32832298789439
45.58131571875325
35.799600912074524
37.61836309491275
43.70547138638679
44.84594686516124
43.8700542427279
40.046634754969446
40.87644078356534
38.434673375242895
36.41508580060468
46.14860094686941
41.39644228970949
35.45549367060877
38.452470085833085
39.23177360262648
37.53730349317277
45.341109307027345
37.706654869300785
42.569487037969836
41.229272316671114
42.91525066609487
43.9798039385101
44.05291862615484
39.66382744110731
35.10874068440276
36.51709179236846
42.48970607084578
42.82131658468863
46.40374693762382
37.17542033665115
40.229996300625594
43.040359098982265
41.82394031514238
39.635035993219816
42.76497380560779
40.4216533330826
39.23079457385407
40.02556589179226
39.83519277567267
41.65208368648165
40.92100949448408
42.37820174268161
40.20893547949716
45.90152222259652
41.02261444184131
38.81860120834069
44.92987522484665
38.715578295224816
38.25201898930966
37.435148241755215
37.65939729854418
39.97778648729497
42.82312385108327
43.292242290412155
39.22865905635951
39.77188621969954
45.81975321599803
39.315714709004226
42.39270501635684
41.98088413643785
42.2657183110678
40.868589100627084
44.34319278224453
42.37983448361422
44.98219379899467
40.21290175626394
44.36152053812962
39.866580666622816
41.67805243701969
43.134522495107085
42.2474569338142
40.64788092518481
41.676854204926606
41.04074513882449
45.85671657886531
39.37990457754207
43.83126566823488
37.30225516174113
40.02531637083506
37.903874854047075
41.306606593875074
47.30319443870272
44.146437675635624
41.96188422149276
44.29936278977247
41.279478981661676
44.052397191440704
44.70600619432784
45.09785294602276
39.635944891036175
42.99709476519266
42.93209616210248
36.97636062587519
47.106441349316995
47.291878060237266
45.19156388951476
43.95924342438918
44.11562996923566
38.47267641107864
42.06798322739999
42.664892323526715
40.02701380583152
44.40905363906677
37.017206398960376
41.8680862672227
45.807952026132064
42.720616383595335
48.76535812138601
44.62722895076486
44.07600148351695
47.25838517555438
50.45787823432884
41.5681282792761
43.80745097239918
40.45933555361503
42.32650710562601
43.54037047496445
44.058364495246366
41.49862929141008
39.52185817581333
38.82681844657096
45.299529934495375
35.24466213145907
41.15330848172906
38.69998515312569
44.24490949777551
39.47469464753905
43.29297968841176
42.2174784392721
35.96762404099317
45.22785495888759
40.58738242667462
42.879690964453054
47.516051863641934
41.43489528586658
41.761962890034354
36.665648383682566
41.72996643160653
41.95219763716516
38.32737465639907
39.851788276627424
43.80172537907159
36.66881246982939
41.76877312321913
44.73764733591457
37.60044608410259
47.35000168068511
41.2758005921836
37.79689466395271
42.894835923360255
44.22973964044294
41.57530793415481
43.756531175193736
38.58243199074889
40.37174112266521
44.418931265737776
40.836646820465766
41.50131353588164
38.856004684569214
39.668131625533185
45.937394599417736
37.813632770825436
40.8967367660852
46.02585688282707
43.19845745246892
43.001650057985906
45.73600230708786
42.661660159130946
41.31827320596102
39.56149156452508
38.46507051088372
43.150218972635
46.47988654996299
40.28043604241491
41.41896768584756
45.74232020066104
43.560653814605196
39.99856643372975
43.00992506766668
45.76477273790286
37.77882280119516
41.63528253189834
42.437887386544595
47.03599767788146
37.132994242716435
46.602263960654426
46.56741843482822
40.49587711720513
46.072269698303906
41.47687971725864
36.47037557824256
41.868831975269046
47.14001106333275
42.02263932281422
39.3494522714322
42.34755626137943
42.709446130393154
41.598693845512166
41.86648327155573
37.50071844554586
49.70933549076733
42.565953834646315
41.043004367366784
38.06815697386312
44.53747091980337
46.41677383863059
44.24139598323033
43.35864527830063
39.94951394021667
40.088046264294384
39.65360077156491
36.53334603184987
34.916497466027764
40.8713365190301
42.55122407630983
43.20961427006821
40.08734710647029
43.79764058970371
38.73890066947186
43.74127756396799
45.638268779466145
39.30453767354665
